#=================================
#RETO 2
#=================================
# Juan Pablo Amorocho Manjarres
# Jos칠 Alejandro L칩pez Garc칤a
# Diego Fernando Trujillo 츼lvarez
#=================================

#Datos:
quixadaTempModelo<-c(
  25.86,
  25.02,
  24.02,
  27.56,
  30.96,
  33.98,
  35.63,
  37.44,
  41.19,
  45.46,
  42.24,
  30.3,
  28.69,
  27.67,
  26.63,
  25.78,
  25.32,
  24.94,
  25.01,
  24.74,
  23.64,
  23.17,
  25.52,
  27.73,
  30.96,
  35.07,
  36.93,
  38.23,
  40.69,
  43.54,
  43.17,
  41.54,
  34.22,
  30.13,
  26.9,
  26.16,
  25.41,
  25.12,
  24.69,
  24.02,
  23.09,
  22.5,
  25.41,
  31.96,
  34.78,
  37.05,
  38.36,
  41.29,
  43.81,
  42.39,
  42.31,
  30.3,
  29.03,
  27.85,
  26.96,
  26.29,
  25.81,
  25.54,
  24.88,
  24.25,
  24.12,
  24.99,
  26.1,
  32.77,
  32.2,
  34.22,
  32.99,
  38.22,
  38.11,
  33.74,
  29.53,
  27.44,
  26.43,
  25.51,
  25.16,
  25.19,
  24.74,
  24.97,
  24.97,
  24.9,
  23.95,
  23.3,
  23.61,
  27.77,
  31.14,
  34.34,
  36.08,
  36.56,
  41.02,
  42.94,
  42.7,
  40.55,
  32.75,
  30.02,
  28.31,
  27.07,
  26.13,
  25,
  24.43,
  23.77,
  23.82,
  26.65,
  30.17,
  34.07,
  35.8,
  38.8,
  43.24,
  42.61,
  33.07,
  29.76,
  28.26,
  27.11,
  26.33,
  25.38,
  24.84,
  23.87,
  31.92,
  34.19,
  37.59,
  39.07,
  39.7,
  42.79,
  44.81,
  44.19,
  44.6,
  42.32,
  36.15,
  32.14,
  29.53,
  27.86,
  26.82,
  25.44,
  24.99,
  25.13,
  24.88,
  23.88,
  23.07,
  25.52,
  32.11,
  33.81,
  36.68,
  37.98,
  41.64,
  39.3,
  35.88,
  30.95,
  28.7,
  27.15,
  27.04,
  26.6,
  25.32,
  25.28,
  24.99,
  24.58,
  24.6,
  24.38,
  26.84,
  26.98,
  30.99,
  34.52,
  36.56,
  40.56,
  34.32,
  30.25,
  27.92,
  26.63,
  25.89,
  25.32,
  25.21,
  24.89,
  23.92,
  23.65,
  23.64,
  23.87,
  25.85,
  33.05,
  34.89,
  36.44,
  41.01,
  44.79,
  40.64,
  34.24,
  31.82,
  29.95,
  28.87,
  26.84,
  26.26,
  25.79,
  24.88,
  24.12,
  23.49,
  22.91,
  22.74,
  27.33,
  31.77,
  34.61,
  36.81,
  37.89,
  38.45,
  41.85,
  41.09,
  42.9,
  35.81,
  31.44,
  30.02,
  28.78,
  27.59,
  26.82,
  26.3,
  25.76,
  25.5,
  24.94,
  25.21,
  27.56,
  34.96,
  36.06,
  38.12,
  39.26,
  41.42,
  45.77,
  31.26,
  27.86,
  26.32,
  25.88,
  25.36,
  25.12,
  24.97,
  23.81,
  24,
  32.13,
  36.22,
  38.49,
  39.03,
  40.85,
  40.31,
  42.51,
  41.96,
  38.05,
  33.31,
  30.49,
  28.79,
  27.59,
  26.84,
  25.3,
  24.5,
  23.66,
  22.67,
  21.43,
  26.66,
  31.81,
  33.93,
  37.02,
  38.93,
  42.34,
  46.78,
  45.76,
  42.59,
  35.12,
  29.13,
  27.64,
  26.56,
  25.66,
  24.94,
  24.63,
  24.33,
  23.84,
  23.23,
  22.8,
  27.96,
  31.4,
  33.35,
  33.53,
  41.51,
  43.06,
  43.63,
  42.32,
  41.92,
  34.09,
  29.04,
  27.8,
  25.93,
  25.37,
  25.18,
  24.51,
  24.36,
  24.44,
  24.87,
  25.61,
  26.98,
  30.93,
  33,
  35.68,
  37.3,
  41.31,
  38.52,
  37.71,
  36.84,
  34.79,
  28.85,
  27.78,
  26.88,
  25.9,
  24.99,
  24.11,
  23.52,
  23.15,
  22.69,
  22.75,
  23.19,
  24.53,
  30.64,
  32.99,
  32.43,
  31.1,
  35.74,
  40.31,
  40.9,
  34.2,
  31.62,
  29.12,
  27.59,
  25.85,
  25.11,
  24.96,
  24.56,
  23.97,
  23.9,
  23.83,
  23.93,
  28.82,
  31.74,
  36.7,
  33.17,
  32.76,
  32.29,
  29.73,
  25.65,
  24.18,
  23.54,
  23.31,
  23.27,
  23.31,
  23.28,
  22.93,
  23,
  23.31,
  26.86,
  32.09,
  35.43,
  35.52,
  36.69,
  38.98,
  40.15,
  41.43,
  43.33,
  31.76,
  29.17,
  23.68,
  22.93,
  23.11,
  23.49,
  23.79,
  23.49,
  22.35,
  22.11,
  22.07,
  22.41,
  25.77,
  25.53,
  25.99,
  27.16,
  29.21,
  29.21,
  32.09,
  29.81,
  26.06,
  24.62,
  24.36,
  24.12,
  24.15,
  23.15,
  22.5,
  22.07,
  22.3,
  22.32,
  23.47,
  27.67,
  31.69,
  32.12,
  36.15,
  37.81,
  37.29,
  33.65,
  31.53,
  28.19,
  26.43,
  25.9,
  25.16,
  24.16,
  23.6,
  23.56,
  23.34,
  23.69,
  23.63,
  22.91,
  25.18,
  30.24,
  34.21,
  33.46,
  35.84,
  39.05,
  34.02,
  30.85,
  28.94,
  26.77,
  25.63,
  24.76,
  24.13,
  23.68,
  23.77,
  25.04,
  24.72,
  24.22,
  24.03,
  24.29,
  23.2,
  22.76,
  28.83,
  32.9,
  33.97,
  37.28,
  35.2,
  34.88,
  35.41,
  36.52,
  31.04,
  28.6,
  27.13,
  25.93,
  25.33,
  24.66,
  24.12,
  24.11,
  24,
  23.85,
  22.11,
  21.57,
  21.56,
  21.96,
  23.14,
  24.76,
  26.98,
  29.87,
  31.74,
  31.69,
  31.39,
  29.14,
  26.85,
  25.73,
  25.21,
  24.58,
  24.04,
  23.19,
  21.76,
  21.54,
  21.08,
  21.31,
  31.2,
  35.28,
  35.16,
  38.27,
  38.98,
  39.12,
  38.44,
  38.59,
  26.3,
  24.97,
  24.73,
  24.56,
  24.14,
  24.26,
  24.19,
  23.77,
  23.35,
  26.69,
  29.59,
  32.64,
  33.51,
  34.33,
  35.54,
  38.17,
  39.5,
  42,
  40.95,
  39.96,
  32.14,
  29.04,
  24.51,
  24.25,
  24.23,
  24.15,
  23.97,
  23.56,
  23.12,
  22.76,
  22.68,
  27.9,
  31.85,
  34.54,
  35.69,
  38.77,
  41.88,
  40.64,
  37.89,
  30.87,
  27.4,
  26.13,
  25.93,
  25.75,
  25.25,
  24.9,
  24.43,
  23.87,
  23.66,
  32.64,
  37.13,
  37.02,
  37.43,
  38.49,
  37.81,
  35.1,
  34.98,
  31.56,
  28.93,
  27.49,
  26.66,
  25.92,
  25.45,
  24.49,
  24.13,
  24.25,
  24.32,
  23.81,
  26.6,
  30.45,
  31.78,
  34.72,
  34.62,
  38.12,
  40.46,
  40.22,
  34.58,
  37.13,
  27.56,
  25.53,
  24.72,
  24.35,
  24.22,
  23.88,
  23.17,
  23.25,
  23.4,
  23.47,
  24.06,
  32.38,
  35.08,
  36.94,
  33.19,
  33.21,
  32.56,
  31.39,
  25.61,
  23.7,
  23.57,
  23.42,
  23.55
)

